0.000000000000000000e+00 8.946371928612713020e+00
2.000000000000000111e-01 1.372160295478561132e+01
4.000000000000000222e-01 1.594075700689047892e+01
6.000000000000000888e-01 1.466729174073348574e+01
8.000000000000000444e-01 1.645566035293970941e+01
1.000000000000000000e+00 1.862520872338444633e+01
1.200000000000000178e+00 2.107569540114470641e+01
1.400000000000000133e+00 2.538275162948637131e+01
1.600000000000000089e+00 2.462921355055236816e+01
1.800000000000000044e+00 2.941589955298633541e+01
2.000000000000000000e+00 3.050966552901819284e+01
2.200000000000000178e+00 3.141512426783796741e+01
2.400000000000000355e+00 3.326628915466619674e+01
2.600000000000000089e+00 3.783058679368037502e+01
2.800000000000000266e+00 3.722596637620728899e+01
3.000000000000000000e+00 3.902808499425260180e+01
3.200000000000000178e+00 4.317690369645897164e+01
3.400000000000000355e+00 4.590153494325890193e+01
3.600000000000000089e+00 4.756338049273119140e+01
3.800000000000000266e+00 4.731517413812374429e+01
4.000000000000000000e+00 4.882302787240128339e+01
4.200000000000000178e+00 5.329887726771978862e+01
4.400000000000000355e+00 5.240794880347868201e+01
4.600000000000000533e+00 5.474890859742064464e+01
4.800000000000000711e+00 5.826743231171532500e+01
5.000000000000000000e+00 5.857864840643088655e+01
5.200000000000000178e+00 6.049765278393613954e+01
5.400000000000000355e+00 6.336484874592608918e+01
5.600000000000000533e+00 6.625008735586251873e+01
5.800000000000000711e+00 6.655001160487636014e+01
6.000000000000000000e+00 7.109840057354651321e+01
6.200000000000000178e+00 7.249317395276671050e+01
6.400000000000000355e+00 7.254294419611385081e+01
6.600000000000000533e+00 7.534402619696338377e+01
6.800000000000000711e+00 7.696025053689392337e+01
7.000000000000000000e+00 7.812076759717980678e+01
7.200000000000000178e+00 8.083552397207371598e+01
7.400000000000000355e+00 8.518613483958054644e+01
7.600000000000000533e+00 8.669547321517281091e+01
7.800000000000000711e+00 8.770342832957375379e+01
8.000000000000000000e+00 8.986483857756302029e+01
8.200000000000001066e+00 9.091413962718745267e+01
8.400000000000000355e+00 9.377804280080414401e+01
8.599999999999999645e+00 9.740041565915831256e+01
8.800000000000000711e+00 9.844002387320411174e+01
9.000000000000000000e+00 9.921299632981400407e+01
9.200000000000001066e+00 1.024429397917788407e+02
9.400000000000000355e+00 1.040124004300765819e+02
9.600000000000001421e+00 1.074070311905029200e+02
9.800000000000000711e+00 1.086882344839719536e+02
